1996
2844
1243
166
948
2113
2417
1384
2136
1468
57
3500
3093
1880
3348
707
2119
1690
2622
1499
2588
2389
2516
2217
1334
3008
3084
2982
2930
3801
1269
2165
1635
331
596
3837
2241
365
353
945
2749
2123
210
2303
775
3705
3304
3019
2275
2863
2133
3773
3355
1691
444
1272
3616
2
2017
3784
3069
1835
1418
3911
3483
3456
3841
3519
3843
2799
2511
2092
1253
286
1160
790
3872
2679
660
1101
3919
1820
3284
2155
1029
1897
3030
92
3294
1665
3987
1857
3961
230
2236
3863
141
1970
2635
1642
292
3984
2534
114
2668
3916
199
1506
3794
915
834
1297
3832
3747
753
2828
1811
145
1671
2386
3662
502
2240
3388
3670
3267
3194
904
1007
2141
3727
687
2043
85
2501
2335
3810
3282
2108
1706
3922
787
3468
112
2561
3077
2626
2897
910
232
2391
993
1107
572
2404
2395
1822
2803
3852
297
3942
1430
2855
578
151
2986
1826
44
1413
2364
1939
2870
1448
848
2463
3139
3604
3492
2311
1051
2218
1364
2310
1207
1563
1501
1952
280
2269
2660
1896
1436
639
3011
1911
89
3603
2718
3029
2149
306
3534
69
2629
856
2443
828
3512
3678
2253
991
2369
3199
1519
2200
1175
3895
2738
3839
1805
3337
3250
1254
829
1695
1528
3016
866
1354
1824
641
3418
53
1740
1034
3427
2541
3231
2019
1054
946
3451
2174
2074
374
1772
219
3260
747
2018
1764
1916
2866
913
2872
369
1657
2215
2479
3254
1367
2830
3111
736
1930
1305
1971
932
1703
2894
1590
1114
2786
2768
1090
943
2556
3746
244
313
322
3132
515
3605
3975
969
2836
2858
3207
960
2033
2804
998
1416
2142
321
3717
1723
2425
203
2316
2194
3914
1847
1381
3220
2697
52
1153
1660
1935
3504
1215
1394
918
103
2875
2898
2296
3998
1865
2775
1686
2279
1641
1586
576
567
2945
1610
3013
858
1122
737
2663
3302
3695
2633
1047
1712
1117
3655
2490
326
3643
3099
362
758
116
2789
276
3330
1968
2634
1385
1931
2371
1913
1032
2485
446
1518
1613
1352
1538
3125
1097
1070
542
2868
1163
573
3325
3650
1653
2326
3088
2469
579
3419
1492
3584
455
3903
285
1312
2562
3510
696
3636
1525
1713
2089
1546
658
279
1183
530
971
2357
227
2247
3390
571
133
811
2714
1579
443
3363
1791
123
1661
3713
2962
2865
373
2147
1292
2980
2076
3026
3229
3883
2412
2032
2042
1792
2903
3154
1514
2597
2352
3192
1837
1022
1859
1775
1509
412
762
2071
1875
213
177
1948
2728
2387
2104
670
1612
2896
1324
3485
2545
836
3676
470
1234
1156
3729
3122
3588
1562
3148
183
3624
3658
1351
3789
2762
627
2390
1406
2771
2935
1767
352
3808
171
1224
442
1649
2449
382
3627
3094
3081
3649
3937
3354
2657
2900
2380
3190
3905
1121
2022
1861
2493
982
1918
1558
3157
602
370
45
3645
717
2907
3493
2624
1637
3957
1917
3443
3892
843
3383
1146
1469
1739
1368
3204
3515
354
1195
1673
1170
1891
815
399
789
3981
1928
2739
2691
10
1874
885
3
1607
818
3736
3907
2392
760
3590
812
3610
2522
165
101
271
3297
2719
3827
2409
514
2274
3153
1796
198
130
1736
2150
2746
2942
2091
12
615
3234
480
2156
2864
575
2617
1271
755
1154
2166
2466
3151
1411
3476
3568
797
1471
314
3001
3182
401
2956
719
683
2172
1223
2181
39
3382
1564
3913
2153
2654
3944
2099
754
180
3664
2854
2453
1014
2910
3163
3240
2277
41
1833
1858
3233
3811
1697
1684
3594
3897
1967
3915
1039
2605
3974
3373
1188
1356
3792
3262
282
1086
2734
2711
2892
3460
1304
3186
1717
3469
3860
294
1959
239
1159
2162
2451
2454
732
632
2824
1141
3481
2759
3416
287
1868
2673
1631
3378
3785
1699
1966
105
3840
685
2715
3815
3347
2919
2112
2793
2638
64
3526
847
2846
1072
1694
3719
396
964
966
2372
1288
2055
499
729
24
3400
957
1524
3137
1955
1289
1576
320
3281
2001
1088
1986
1247
1777
162
1779
2682
750
1457
2592
1711
3663
947
30
590
1452
2839
3764
3062
3446
1473
497
3990
3169
2110
3210
3404
3428
3701
3778
1715
312
920
3405
3353
454
507
466
3885
521
411
2106
505
675
1771
1004
1938
2974
1793
1096
489
1523
2707
3415
3208
2082
1784
3544
3920
3995
2847
835
3521
2435
149
2704
1118
1193
1417
2801
2798
1676
516
27
342
1790
2576
459
3357
922
1158
925
2938
2023
339
1401
2330
3429
2814
1533
3298
2239
2180
318
1480
3114
