57
1243
2844
166
948
2588
707
2119
1384
2165
2
1880
3705
1857
2092
1253
3008
1635
353
2930
2749
945
3837
1207
444
3919
210
2253
3773
1029
2133
3987
3093
3084
3348
2516
2241
2679
2113
2417
1468
1269
1334
3194
2635
2217
775
3483
904
2017
3519
3843
3199
3077
3801
1272
286
365
2561
1691
1811
230
1642
3922
314
1996
2622
1820
2389
2136
1690
3069
3500
596
3727
1970
3304
2463
2275
2391
3616
1671
971
1931
1897
815
2799
2511
3895
92
2155
3355
3019
3852
687
1034
2534
834
915
787
3267
1499
2043
85
1706
932
502
1952
1107
3388
1835
3810
991
112
848
1665
331
2866
151
3294
141
3863
145
297
1930
2982
1703
2240
2311
856
1418
89
199
3658
3872
3013
1713
3747
753
2803
885
3911
1160
2141
1007
2149
2108
2828
3984
3961
2404
1805
2364
2395
1047
1153
3695
3717
2123
3794
2443
1114
219
2386
3337
2668
1939
1448
3427
3914
1254
2626
578
1413
2897
910
3284
572
918
44
2194
1779
3534
639
3731
2501
2335
1305
1368
3456
103
2371
3604
1385
2663
3412
3492
993
2660
2738
276
660
1101
1501
3636
1297
3512
3832
2236
232
2479
2215
3260
2357
2076
2541
1352
306
3515
3029
3088
292
2875
2303
1324
1506
2369
567
2174
2863
2786
1767
3234
1509
602
946
3605
374
2310
2652
3662
2147
3841
2019
3603
3111
747
2425
717
828
1247
2898
913
322
2768
1430
2870
123
2830
2022
1097
3030
1563
2945
2296
3451
1822
3011
573
3325
3468
2919
2247
3903
285
2872
465
1054
1312
2836
818
755
1471
2900
2657
3678
1590
2274
2380
3419
960
2707
3588
2218
3609
3254
2142
1416
3883
576
1156
2200
2624
3125
1610
1562
3148
183
114
3839
2129
362
758
2855
3811
3001
736
3916
579
2839
1411
339
3719
280
2003
1051
3220
1528
1514
2762
2390
629
515
1354
3282
1935
2775
2956
2493
1090
2771
943
2556
1364
2903
1564
2789
1175
1616
2305
2298
3493
2018
1847
3915
3221
3584
1791
670
1661
2497
1586
442
1519
3321
3579
1772
52
3094
3808
3081
2071
1641
1826
2279
1911
203
1566
1367
1913
1546
1875
658
829
2316
843
1727
2804
3998
790
3504
866
3151
2718
858
239
2033
772
3207
3975
2654
1381
1865
3405
998
313
1824
2195
2462
341
2605
3481
1764
82
3792
3231
382
1088
2719
3729
2373
3898
321
227
1086
2697
964
1837
3713
1859
969
1117
3302
53
2798
3723
3382
2326
3892
641
2042
3485
3650
1686
3645
2449
1649
1896
1436
3997
2711
2089
3056
2032
2935
1122
3487
1048
1288
2704
1723
2001
2962
177
1740
1653
3560
153
381
369
1673
3132
3923
1492
3122
879
1406
3418
2091
1809
750
1032
3944
1967
2868
530
3154
810
3676
470
3390
571
133
811
1695
1579
2597
3383
3443
1891
242
2633
2099
754
412
2938
213
3099
2454
2451
1525
1215
3347
2284
2453
1874
2153
3368
1502
2858
542
2110
1453
1736
2009
2912
3363
396
1070
2201
1712
1485
180
1022
3469
2793
2435
3428
519
2558
762
3840
3834
3610
3415
749
972
1607
1793
1717
171
45
1188
3815
1452
925
2156
635
2673
3476
3139
1916
2682
2907
116
1538
1467
696
342
466
797
1351
2372
3981
732
1096
447
942
3190
24
2104
3305
3976
28
27
1289
514
357
2638
2469
1792
2490
326
3643
10
2269
370
1966
69
3353
1955
1152
3240
3
3907
575
1159
2106
1833
867
1777
2846
244
2352
271
2896
2691
1796
1535
373
167
3784
3446
18
3062
3204
3905
1775
1885
877
540
2261
311
2674
2150
446
1518
2562
3330
729
982
2629
1195
1104
3471
3404
632
3931
2345
3425
2392
521
2485
349
1513
459
842
3416
1014
2910
2847
3521
835
3995
1507
3897
505
2969
2834
1141
847
1971
3357
2986
3655
1819
3746
2466
3590
39
411
2073
455
312
1979
957
3400
1446
1876
1679
282
1193
3232
3526
2865
1898
399
2225
1784
1110
273
1183
279
1163
2344
1304
3186
590
516
2894
3510
1625
347
1106
3163
3250
2039
1858
2695
1594
1711
1790
3789
2642
2677
1975
2715
419
443
12
2243
627
1469
1292
1170
14
1612
3182
1234
1986
2693
3414
3157
1377
3365
2814
1558
243
1861
3736
2078
3264
2436
3664
1708
920
480
1437
3189
3860
294
163
789
1699
1320
2827
3373
2854
3950
2412
1968
3070
947
3429
2661
2604
966
740
1401
3544
1250
3379
3529
1046
2703
3649
1544
3785
1356
3589
1083
3041
1473
165
2231
3827
2486
3329
1200
1991
