1468
2844
1243
166
2622
687
2
707
2119
1996
2417
2113
2108
57
1703
3810
1153
3234
2380
210
3093
3705
932
1970
1857
365
1820
2133
3427
3727
596
1269
1635
2165
1384
3304
1418
945
2749
1048
2679
3987
2389
2768
2155
948
3483
3008
353
2919
2707
2872
578
2335
2930
1897
3984
3919
775
3337
572
1931
2588
2241
44
151
286
1835
1107
2668
2635
2217
3616
3348
3961
3773
1334
3801
2129
2836
904
1352
1930
3084
1691
3487
1809
2718
567
2511
2799
2395
297
3013
3492
3658
89
219
2194
2738
1764
1272
145
314
3019
3125
2516
848
502
3388
1029
1952
3916
2762
639
1207
2253
1368
1671
2390
3284
3412
1665
114
199
2663
2275
3199
787
2866
3282
3717
2240
1690
444
3837
123
3355
3895
1566
3852
1509
141
3863
3077
1034
3515
971
3922
918
1880
815
2652
1805
2017
1642
991
3731
230
1297
3695
2136
2711
2534
2463
2147
2404
1506
576
382
515
1253
2092
3194
1779
112
2303
3534
52
92
3500
2501
1939
3267
3662
2541
331
2425
1088
3519
3843
2373
747
2364
3975
2201
3260
885
3915
1713
762
3841
913
2789
2626
2391
239
3603
2298
3794
1859
232
753
3747
1499
3883
306
1354
3589
465
1699
1215
1101
660
519
3294
1586
2019
2274
1525
1502
285
3903
1935
1289
3493
3030
1501
3069
2956
3911
2310
866
357
227
3485
755
3784
3001
1195
629
1097
2236
1448
818
1772
2660
2296
39
1590
2123
321
1679
2305
1312
2215
2479
2629
729
1430
311
2798
530
670
1471
1305
339
2043
85
1876
982
2839
3011
3347
829
3811
1913
1576
915
834
736
2311
1114
163
1401
3099
3157
3029
3673
3476
3604
1564
3094
280
1007
2141
1822
3942
2269
1706
2001
3650
2071
2561
1047
2497
573
3325
3204
2828
1811
341
602
3998
1413
3872
3636
3771
3017
2082
2942
858
3512
455
2870
3481
856
3792
2897
910
3456
3419
198
3451
3405
3655
749
3827
1367
3136
322
3678
772
579
1792
442
2243
1343
3469
3221
1911
1686
103
1247
3240
369
920
1711
1160
3081
696
1014
2910
2786
3840
1096
1385
1610
3892
922
489
2574
3867
1514
667
810
3231
1519
1727
1641
2452
466
3907
2830
3632
446
1518
2032
2980
2462
2369
1653
2074
454
1392
2945
1411
1364
3400
957
1054
3832
1134
43
1786
2739
3866
3220
2371
3605
3588
1328
2076
1865
2486
2023
3996
2697
1130
3368
1152
1122
2982
10
2962
2003
276
2326
1156
1175
3088
761
2750
2039
3834
370
2875
243
1661
3190
373
3122
3151
2285
1090
2556
943
362
758
1673
1535
2485
1292
399
3148
183
1562
144
2691
946
2174
1072
1320
3397
2704
972
601
2624
801
504
105
1083
349
2673
2803
1106
1377
1193
2220
2816
1771
3034
2104
203
3664
3321
2206
723
1702
1837
1188
1712
1507
1051
683
32
540
3193
1445
1533
411
2316
2193
1694
2218
2804
3859
1767
1948
993
1412
2935
224
3997
3425
998
3383
655
116
3363
2149
3475
2213
3323
984
675
1076
162
2746
320
50
1166
497
1563
3292
21
3486
1829
2684
2771
1791
2412
171
2493
2638
2078
2858
2443
925
1117
1852
3736
2557
1928
3808
1141
213
2099
754
2015
3416
1086
3569
3857
1708
1242
287
3424
3161
2969
2055
2279
966
3111
1159
3584
2903
2868
1032
828
3645
435
2012
2693
1544
3428
2623
1254
277
312
3207
153
879
1485
789
847
2898
989
2896
2112
2793
2846
1376
2731
3189
1046
3529
374
2069
1255
2659
717
51
2558
2453
3384
3450
419
2247
740
3414
2455
420
1250
3729
3627
308
129
1790
3182
877
1467
947
1011
2654
3255
2098
896
3558
3254
2855
1890
2357
244
1902
216
3353
1437
2042
1513
3135
750
964
12
358
2567
2674
1446
2153
2716
3746
69
1099
506
3172
3914
261
2146
417
2344
1607
262
2073
634
2465
2734
842
447
2077
2341
1819
65
3326
242
1736
191
570
2597
843
2142
1416
82
1919
400
3526
1018
1858
2018
1406
3590
1447
1833
1775
505
2203
2824
1524
3056
3897
2122
2677
1975
107
3531
3468
425
1288
1916
3579
2231
3733
1022
3560
2775
1110
41
2277
208
1885
1457
3785
1612
2386
3139
3913
3373
919
2337
2598
692
2089
1381
412
1121
3446
3062
2030
514
1251
2642
3839
1787
3521
835
2847
3995
960
3356
1104
3934
1955
1583
3330
3772
2027
27
2617
3418
2000
3472
3163
2894
1436
1896
2195
1940
2435
1959
2449
1649
292
3931
1528
760
167
1965
3296
3950
635
3833
